[0.3762631118297577, -0.3587380647659302, 18.617664337158203]
[0.3762631118297577, -0.3587380647659302, 18.617664337158203]
[0.4966709613800049, -0.3587389588356018, 18.627765655517578]
[0.5872825384140015, -0.35873889923095703, 18.627185821533203]
[0.6896366477012634, -0.3587389290332794, 18.612716674804688]
[0.7947734594345093, -0.35873889923095703, 18.607210159301758]
[0.9238466620445251, -0.35855036973953247, 18.629295349121094]
[1.0555403232574463, -0.1682348996400833, 18.514446258544922]
[1.0522990226745605, -0.1922609657049179, 18.326377868652344]
[1.0653102397918701, -0.2043779194355011, 18.143075942993164]
[1.0860084295272827, -0.20407892763614655, 18.0701847076416]
[1.0555403232574463, -0.5492429733276367, 18.514446258544922]
[1.0522990226745605, -0.5252168774604797, 18.326377868652344]
[1.0653102397918701, -0.5130999684333801, 18.143075942993164]
[1.0860085487365723, -0.5133989453315735, 18.0701847076416]
[1.1331000328063965, -0.35850316286087036, 18.673202514648438]
[1.2817307710647583, -0.35873889923095703, 18.629535675048828]
[0.31570056080818176, -0.26084426045417786, 18.564273834228516]
[0.35986196994781494, -0.2575942873954773, 18.26605796813965]
[0.3149254024028778, -0.26829105615615845, 18.17786407470703]
[0.34283798933029175, -0.26269105076789856, 18.058927536010742]
[0.31570056080818176, -0.45663362741470337, 18.564273834228516]
[0.3639675974845886, -0.46149158477783203, 18.28963851928711]
[0.3149254024028778, -0.4491868317127228, 18.17786407470703]
[0.34283795952796936, -0.45478683710098267, 18.058927536010742]
[0.25475019216537476, -0.35873889923095703, 18.555891036987305]
[0.12488733232021332, -0.35873889923095703, 18.5130672454834]
[0.061291541904211044, -0.3587389290332794, 18.511539459228516]
[-0.022370710968971252, -0.3587389290332794, 18.51790428161621]
[-0.10961518436670303, -0.3587389290332794, 18.521459579467773]
[-0.22306513786315918, -0.3587389290332794, 18.534120559692383]
[-0.23287221789360046, -0.3587389290332794, 18.529701232910156]
[1.376929759979248, -0.3587389588356018, 18.53106689453125]
[1.3259567022323608, -0.2231384813785553, 18.732467651367188]
[1.3259567022323608, -0.4943394362926483, 18.732467651367188]
