[0.4007001221179962, -0.3539774417877197, 18.632198333740234]
[0.4007001221179962, -0.3539774417877197, 18.632198333740234]
[0.3081137537956238, -0.3610575795173645, 18.552322387695312]
[0.2338169515132904, -0.37583762407302856, 18.497013092041016]
[0.14617294073104858, -0.36925312876701355, 18.44440460205078]
[0.04854791238903999, -0.3690587878227234, 18.40359115600586]
[-0.07747293263673782, -0.3959124982357025, 18.3532657623291]
[-0.13576506078243256, -0.21555818617343903, 18.18075180053711]
[-0.07193581014871597, -0.053831856697797775, 18.2462158203125]
[0.013745135627686977, 0.11355804651975632, 18.268287658691406]
[0.04055343195796013, 0.18385164439678192, 18.269948959350586]
[-0.207894429564476, -0.28390800952911377, 18.54628562927246]
[-0.22379498183727264, -0.10611144453287125, 18.481948852539062]
[-0.3397466838359833, 0.004077564924955368, 18.36043357849121]
[-0.3870449364185333, 0.05967576429247856, 18.34200668334961]
[-0.2817065119743347, -0.37658098340034485, 18.321613311767578]
[-0.3862038850784302, -0.2662094831466675, 18.335567474365234]
[0.5151324272155762, -0.3155181407928467, 18.604272842407227]
[0.34902071952819824, -0.06260649859905243, 18.569438934326172]
[0.294880211353302, 0.019766533747315407, 18.574705123901367]
[0.23418095707893372, 0.12666428089141846, 18.558624267578125]
[0.3823939561843872, -0.3085443377494812, 18.74822998046875]
[0.5268901586532593, -0.08111655712127686, 18.789764404296875]
[0.6116963028907776, 0.001301710493862629, 18.827804565429688]
[0.6418436169624329, 0.1149793416261673, 18.85803985595703]
[0.49415162205696106, -0.31622573733329773, 18.717376708984375]
[0.5182326436042786, -0.24586442112922668, 18.83863067626953]
[0.5055883526802063, -0.2457621991634369, 18.89794158935547]
[0.494265079498291, -0.28223854303359985, 18.972185134887695]
[0.497006356716156, -0.3017165958881378, 19.05697250366211]
[0.46474742889404297, -0.39208969473838806, 19.117998123168945]
[0.4689219892024994, -0.4017811119556427, 19.118240356445312]
[-0.46479183435440063, -0.16438406705856323, 18.371906280517578]
[-0.4396366775035858, -0.30233561992645264, 18.17194175720215]
[-0.43475958704948425, -0.40053075551986694, 18.435142517089844]
