[0.35321810841560364, -0.07645242661237717, 16.89400863647461]
[0.35321810841560364, -0.07645242661237717, 16.89400863647461]
[0.4844208061695099, -0.07645276188850403, 16.90028953552246]
[0.5793731212615967, -0.07645276933908463, 16.891674041748047]
[0.681520402431488, -0.07645276933908463, 16.88372802734375]
[0.753748893737793, -0.07645277678966522, 16.882015228271484]
[0.8976128101348877, -0.07637930661439896, 16.909496307373047]
[1.0388092994689941, 0.12369123101234436, 16.749919891357422]
[1.0367581844329834, 0.1038154661655426, 16.546188354492188]
[1.052577018737793, 0.08042273670434952, 16.328054428100586]
[1.0843496322631836, 0.0820329412817955, 16.235538482666016]
[1.0388092994689941, -0.2765967547893524, 16.749919891357422]
[1.0367581844329834, -0.25672101974487305, 16.546186447143555]
[1.0525768995285034, -0.23332828283309937, 16.328052520751953]
[1.0843496322631836, -0.23493847250938416, 16.235538482666016]
[1.125868558883667, -0.07636091858148575, 16.954631805419922]
[1.2681183815002441, -0.07645276933908463, 16.92315673828125]
[0.2906906306743622, 0.030828949064016342, 16.848819732666016]
[0.3630612790584564, 0.017665067687630653, 16.465408325195312]
[0.2945430874824524, 0.0029987506568431854, 16.338247299194336]
[0.32785579562187195, 0.009159262292087078, 16.207244873046875]
[0.2906906306743622, -0.1837344765663147, 16.848819732666016]
[0.3675421178340912, -0.17652517557144165, 16.503320693969727]
[0.2945430874824524, -0.15590429306030273, 16.338247299194336]
[0.32785579562187195, -0.162064790725708, 16.207244873046875]
[0.23081135749816895, -0.07645274698734283, 16.84714698791504]
[0.14606362581253052, -0.07645276933908463, 16.7981014251709]
[0.08328429609537125, -0.07645276933908463, 16.795312881469727]
[0.006069667637348175, -0.07645276933908463, 16.81954002380371]
[-0.08497132360935211, -0.07645276933908463, 16.836959838867188]
[-0.2141178846359253, -0.07645276933908463, 16.844417572021484]
[-0.2189168632030487, -0.07645276933908463, 16.853683471679688]
[1.3561463356018066, -0.07645277678966522, 16.825389862060547]
[1.320536732673645, 0.040497198700904846, 17.077028274536133]
[1.320536732673645, -0.1934027373790741, 17.0770263671875]
