[0.3263809382915497, -0.32104232907295227, 16.50414276123047]
[0.3263809382915497, -0.32104232907295227, 16.50414276123047]
[0.4416565001010895, -0.32104256749153137, 16.513324737548828]
[0.5425665378570557, -0.32104259729385376, 16.509689331054688]
[0.6789124011993408, -0.32104256749153137, 16.50324058532715]
[0.7810842990875244, -0.32104259729385376, 16.50595474243164]
[0.9041558504104614, -0.32099002599716187, 16.535078048706055]
[1.0287322998046875, -0.1672433614730835, 16.423166275024414]
[1.0203132629394531, -0.1758793592453003, 16.21586036682129]
[1.0356113910675049, -0.19485436379909515, 15.966535568237305]
[1.0655484199523926, -0.19582784175872803, 15.868407249450684]
[1.0287322998046875, -0.474841833114624, 16.423166275024414]
[1.0203132629394531, -0.46620577573776245, 16.21586036682129]
[1.0356115102767944, -0.44723081588745117, 15.966537475585938]
[1.0655484199523926, -0.44625726342201233, 15.868407249450684]
[1.1182527542114258, -0.3209768831729889, 16.58212661743164]
[1.2621829509735107, -0.32104256749153137, 16.574848175048828]
[0.2628363370895386, -0.2332572191953659, 16.462209701538086]
[0.31543031334877014, -0.23004642128944397, 16.147724151611328]
[0.2428666353225708, -0.2449396550655365, 15.988829612731934]
[0.28276342153549194, -0.23774820566177368, 15.8245849609375]
[0.2628363370895386, -0.40882793068885803, 16.462209701538086]
[0.32160329818725586, -0.4129287600517273, 16.184040069580078]
[0.2428666353225708, -0.39714550971984863, 15.988829612731934]
[0.28276342153549194, -0.40433692932128906, 15.8245849609375]
[0.20106762647628784, -0.321042537689209, 16.44063377380371]
[0.04249770939350128, -0.32104259729385376, 16.405990600585938]
[-0.021562200039625168, -0.32104256749153137, 16.407129287719727]
[-0.1156560480594635, -0.32104256749153137, 16.408231735229492]
[-0.214239239692688, -0.321042537689209, 16.409690856933594]
[-0.3506004810333252, -0.32104256749153137, 16.41621971130371]
[-0.371105432510376, -0.321042537689209, 16.415925979614258]
[1.390364646911621, -0.32104259729385376, 16.4910831451416]
[1.321882963180542, -0.21130986511707306, 16.671772003173828]
[1.3218830823898315, -0.4307752847671509, 16.671770095825195]
