[-0.1288430094718933, -0.2887256145477295, 13.328264236450195]
[-0.1288430094718933, -0.2887256145477295, 13.328264236450195]
[-0.0072739748284220695, -0.28872671723365784, 13.336465835571289]
[0.08494105190038681, -0.28872671723365784, 13.332001686096191]
[0.20011138916015625, -0.28872668743133545, 13.32988166809082]
[0.2864398658275604, -0.28872671723365784, 13.327548027038574]
[0.426123708486557, -0.28849002718925476, 13.359405517578125]
[0.5596639513969421, -0.05461156368255615, 13.20475959777832]
[0.5732081532478333, -0.0743720680475235, 12.952203750610352]
[0.5724397897720337, -0.09800181537866592, 12.743795394897461]
[0.6099740266799927, -0.10101784765720367, 12.654144287109375]
[0.5596639513969421, -0.5228419303894043, 13.20475959777832]
[0.5732081532478333, -0.5030813217163086, 12.952203750610352]
[0.5724397301673889, -0.47945162653923035, 12.743794441223145]
[0.6099740266799927, -0.4764356017112732, 12.654144287109375]
[0.6293455958366394, -0.28843075037002563, 13.402596473693848]
[0.7807660102844238, -0.28872671723365784, 13.361982345581055]
[-0.18406511843204498, -0.1666465401649475, 13.26530933380127]
[-0.12856483459472656, -0.15975016355514526, 12.870981216430664]
[-0.1906144917011261, -0.1744598150253296, 12.777971267700195]
[-0.16419166326522827, -0.1675095409154892, 12.629833221435547]
[-0.18406511843204498, -0.4108068645000458, 13.26530933380127]
[-0.12002106755971909, -0.42101478576660156, 12.904172897338867]
[-0.1906144917011261, -0.40299367904663086, 12.777971267700195]
[-0.16419166326522827, -0.40994390845298767, 12.629833221435547]
[-0.23568522930145264, -0.28872665762901306, 13.269275665283203]
[-0.3011403977870941, -0.28872668743133545, 13.254119873046875]
[-0.34889084100723267, -0.28872671723365784, 13.253767967224121]
[-0.42914018034935, -0.28872671723365784, 13.259367942810059]
[-0.5362317562103271, -0.28872671723365784, 13.261731147766113]
[-0.6595727801322937, -0.28872671723365784, 13.266663551330566]
[-0.6704545617103577, -0.28872671723365784, 13.269014358520508]
[0.9139693975448608, -0.2887267470359802, 13.240907669067383]
[0.8449690341949463, -0.13465146720409393, 13.538482666015625]
[0.8449690937995911, -0.4428020119667053, 13.538482666015625]
