[0.28540265560150146, 0.16899476945400238, 15.616994857788086]
[0.28540265560150146, 0.16899476945400238, 15.616994857788086]
[0.39751482009887695, 0.16899420320987701, 15.632115364074707]
[0.48373186588287354, 0.16899420320987701, 15.621482849121094]
[0.5977861285209656, 0.1689942181110382, 15.613359451293945]
[0.6856146454811096, 0.16899420320987701, 15.614358901977539]
[0.8270010948181152, 0.169109046459198, 15.63871955871582]
[0.9509127140045166, 0.3824784755706787, 15.506051063537598]
[0.9509873390197754, 0.3628958463668823, 15.269491195678711]
[0.9522058963775635, 0.3311186134815216, 15.100078582763672]
[1.0001393556594849, 0.32311686873435974, 15.020878791809082]
[0.9509127140045166, -0.04449005424976349, 15.506051063537598]
[0.9509873390197754, -0.0249074324965477, 15.269491195678711]
[0.9522059559822083, 0.0068697938695549965, 15.100078582763672]
[1.0001393556594849, 0.014871549792587757, 15.020878791809082]
[1.0265076160430908, 0.16913779079914093, 15.682753562927246]
[1.2185039520263672, 0.1689942181110382, 15.66647720336914]
[0.22340568900108337, 0.28102749586105347, 15.539264678955078]
[0.2864513397216797, 0.29183587431907654, 15.219752311706543]
[0.21442709863185883, 0.2757798731327057, 15.150415420532227]
[0.257609486579895, 0.2846636176109314, 15.022964477539062]
[0.22340568900108337, 0.05696091800928116, 15.539264678955078]
[0.29742589592933655, 0.04502134770154953, 15.244705200195312]
[0.21442709863185883, 0.062208570539951324, 15.15041446685791]
[0.257609486579895, 0.05332481861114502, 15.022964477539062]
[0.16280291974544525, 0.1689942330121994, 15.531798362731934]
[0.02487398311495781, 0.16899420320987701, 15.499439239501953]
[-0.04779108241200447, 0.16899418830871582, 15.490865707397461]
[-0.124591164290905, 0.16899420320987701, 15.492002487182617]
[-0.21256275475025177, 0.16899420320987701, 15.50901985168457]
[-0.33852654695510864, 0.16899420320987701, 15.515181541442871]
[-0.36415207386016846, 0.1689942181110382, 15.518359184265137]
[1.3360469341278076, 0.16899420320987701, 15.553820610046387]
[1.2793837785720825, 0.3284572958946228, 15.82368278503418]
[1.279383897781372, 0.00953112356364727, 15.82368278503418]
