[-0.46796414256095886, -0.289999395608902, 15.306396484375]
[-0.46796414256095886, -0.289999395608902, 15.306396484375]
[-0.3374522924423218, -0.289999395608902, 15.31346607208252]
[-0.24166972935199738, -0.28999942541122437, 15.311494827270508]
[-0.1275458037853241, -0.289999395608902, 15.307275772094727]
[-0.061590202152729034, -0.289999395608902, 15.308032035827637]
[0.06705155968666077, -0.28999418020248413, 15.339385986328125]
[0.21216434240341187, -0.09746499359607697, 15.181644439697266]
[0.21382272243499756, -0.11977413296699524, 14.982294082641602]
[0.23121024668216705, -0.14710484445095062, 14.76479434967041]
[0.2745155096054077, -0.14658156037330627, 14.659002304077148]
[0.21216434240341187, -0.48253384232521057, 15.181644439697266]
[0.21382272243499756, -0.4602246880531311, 14.982295989990234]
[0.23121024668216705, -0.4328939616680145, 14.764795303344727]
[0.2745155096054077, -0.4334172010421753, 14.659002304077148]
[0.29335135221481323, -0.2899928689002991, 15.383810043334961]
[0.45074838399887085, -0.289999395608902, 15.346073150634766]
[-0.5342425107955933, -0.18287035822868347, 15.257431030273438]
[-0.4536846876144409, -0.19642457365989685, 14.872673988342285]
[-0.5450274348258972, -0.2121899425983429, 14.748361587524414]
[-0.506266713142395, -0.20279014110565186, 14.6058349609375]
[-0.5342425107955933, -0.3971284329891205, 15.257431030273438]
[-0.4464870095252991, -0.38866764307022095, 14.909795761108398]
[-0.5450274348258972, -0.36780887842178345, 14.748361587524414]
[-0.506266713142395, -0.3772086799144745, 14.6058349609375]
[-0.5995162725448608, -0.289999395608902, 15.255101203918457]
[-0.7214643955230713, -0.289999395608902, 15.19609546661377]
[-0.7897487878799438, -0.289999395608902, 15.19102954864502]
[-0.8787314891815186, -0.289999395608902, 15.220491409301758]
[-0.96828293800354, -0.2899993658065796, 15.231501579284668]
[-1.100166916847229, -0.289999395608902, 15.239595413208008]
[-1.104286789894104, -0.289999395608902, 15.247838973999023]
[0.5603839755058289, -0.289999395608902, 15.259106636047363]
[0.5160101652145386, -0.1724567860364914, 15.4686279296875]
[0.5160101652145386, -0.40754202008247375, 15.468626022338867]
